
	2025년						1월
	===================================================
	일	월	화	수	목	금	토
	===================================================
	 	 	 	  1	  2	  3	  4
	  5	  6	  7	  8	  9	 10	 11
	 12	 13	 14	 15	 16	 17	 18
	 19	 20	 21	 22	 23	 24	 25
	 26	 27	 28	 29	 30	 31

	2025년						2월
	===================================================
	일	월	화	수	목	금	토
	===================================================
	 	 	 	 	 	 	  1
	  2	  3	  4	  5	  6	  7	  8
	  9	 10	 11	 12	 13	 14	 15
	 16	 17	 18	 19	 20	 21	 22
	 23	 24	 25	 26	 27	 28

	2025년						3월
	===================================================
	일	월	화	수	목	금	토
	===================================================
	 	 	 	 	 	 	  1
	  2	  3	  4	  5	  6	  7	  8
	  9	 10	 11	 12	 13	 14	 15
	 16	 17	 18	 19	 20	 21	 22
	 23	 24	 25	 26	 27	 28	 29
	 30	 31

	2025년						4월
	===================================================
	일	월	화	수	목	금	토
	===================================================
	 	 	  1	  2	  3	  4	  5
	  6	  7	  8	  9	 10	 11	 12
	 13	 14	 15	 16	 17	 18	 19
	 20	 21	 22	 23	 24	 25	 26
	 27	 28	 29	 30

	2025년						5월
	===================================================
	일	월	화	수	목	금	토
	===================================================
	 	 	 	 	  1	  2	  3
	  4	  5	  6	  7	  8	  9	 10
	 11	 12	 13	 14	 15	 16	 17
	 18	 19	 20	 21	 22	 23	 24
	 25	 26	 27	 28	 29	 30	 31


	2025년						6월
	===================================================
	일	월	화	수	목	금	토
	===================================================
	  1	  2	  3	  4	  5	  6	  7
	  8	  9	 10	 11	 12	 13	 14
	 15	 16	 17	 18	 19	 20	 21
	 22	 23	 24	 25	 26	 27	 28
	 29	 30

	2025년						7월
	===================================================
	일	월	화	수	목	금	토
	===================================================
	 	 	  1	  2	  3	  4	  5
	  6	  7	  8	  9	 10	 11	 12
	 13	 14	 15	 16	 17	 18	 19
	 20	 21	 22	 23	 24	 25	 26
	 27	 28	 29	 30	 31

	2025년						8월
	===================================================
	일	월	화	수	목	금	토
	===================================================
	 	 	 	 	 	  1	  2
	  3	  4	  5	  6	  7	  8	  9
	 10	 11	 12	 13	 14	 15	 16
	 17	 18	 19	 20	 21	 22	 23
	 24	 25	 26	 27	 28	 29	 30
	 31

	2025년						9월
	===================================================
	일	월	화	수	목	금	토
	===================================================
	 	  1	  2	  3	  4	  5	  6
	  7	  8	  9	 10	 11	 12	 13
	 14	 15	 16	 17	 18	 19	 20
	 21	 22	 23	 24	 25	 26	 27
	 28	 29	 30

	2025년						10월
	===================================================
	일	월	화	수	목	금	토
	===================================================
	 	 	 	  1	  2	  3	  4
	  5	  6	  7	  8	  9	 10	 11
	 12	 13	 14	 15	 16	 17	 18
	 19	 20	 21	 22	 23	 24	 25
	 26	 27	 28	 29	 30	 31

	2025년						11월
	===================================================
	일	월	화	수	목	금	토
	===================================================
	 	 	 	 	 	 	  1
	  2	  3	  4	  5	  6	  7	  8
	  9	 10	 11	 12	 13	 14	 15
	 16	 17	 18	 19	 20	 21	 22
	 23	 24	 25	 26	 27	 28	 29
	 30

	2025년						12월
	===================================================
	일	월	화	수	목	금	토
	===================================================
	 	  1	  2	  3	  4	  5	  6
	  7	  8	  9	 10	 11	 12	 13
	 14	 15	 16	 17	 18	 19	 20
	 21	 22	 23	 24	 25	 26	 27
	 28	 29	 30	 31
